{
  "generated_by": {
    "program": "augur",
    "version": "24.2.3"
  },
  "models": {
    "division": {
      "alphabet": [
        "AL",
        "AM",
        "BA",
        "DF",
        "GO",
        "MA",
        "MG",
        "MS",
        "MT",
        "PA",
        "PB",
        "PE",
        "PI",
        "PR",
        "RJ",
        "RN",
        "RR",
        "RS",
        "SE",
        "SP",
        "TO",
        "?"
      ],
      "equilibrium_probabilities": [
        0.052258301571469365,
        0.05107817545867468,
        0.03280460889578453,
        0.04398669047765029,
        0.03903251169505174,
        0.04805250940571595,
        0.052087355032352047,
        0.053822400209847764,
        0.052750973949191995,
        0.05356144134298241,
        0.0536567874247679,
        0.0497244410948004,
        0.05396979290627403,
        0.043280355982996656,
        0.032301153475104406,
        0.05001397321744975,
        0.052328420544415576,
        0.04702095857560692,
        0.04078830651360706,
        0.0490127743567852,
        0.04846806786947131
      ],
      "rate": 50.93222677820844,
      "transition_matrix": [
        [
          0.0,
          0.8159985887375799,
          1.2760569493470768,
          0.8147482506506302,
          1.020271734306613,
          0.8145666079918928,
          0.8038649188647324,
          0.8146446164561272,
          0.8198807851645502,
          0.8214033139096785,
          0.8152278817148121,
          1.2598625656743005,
          0.8132053836994887,
          0.8139528049892368,
          0.8681657422604058,
          0.8445862423117501,
          0.8151299218125461,
          0.8156377423457918,
          1.2211474721849673,
          0.813380046836413,
          1.0489337043674016
        ],
        [
          0.8159985887375799,
          0.0,
          1.5704260439574238,
          0.8152991460789537,
          0.8144959474675942,
          0.8153960636579946,
          0.9267290680632664,
          0.8154110691689799,
          0.815233271033579,
          1.0803152089867964,
          0.8155254320876801,
          1.2253606146749887,
          0.8138190878113165,
          0.8145767026235284,
          0.8134920111727845,
          1.2251450626077827,
          0.8158501697495801,
          0.8163003298605369,
          0.8141453522770895,
          0.8141856196563017,
          1.1102815247435058
        ],
        [
          1.2760569493470768,
          1.5704260439574238,
          0.0,
          0.811749159784659,
          5.056667459066273,
          1.0996053544078064,
          4.8517684615377545,
          0.9621259846642017,
          0.8909899417578575,
          0.8620510674843205,
          1.5591551907741708,
          1.9884202354825071,
          2.8157055254878394,
          1.617364178016663,
          3.713901658749894,
          3.4031443101907697,
          0.8107948918252424,
          0.8103511662334093,
          3.6700077887525717,
          1.7096805195668072,
          1.761849125742073
        ],
        [
          0.8147482506506302,
          0.8152991460789537,
          0.811749159784659,
          0.0,
          4.43976792395083,
          0.8162950382191232,
          2.013637513825505,
          1.2214568497623906,
          0.8140460102812686,
          0.8151188814678841,
          0.8145087441940382,
          0.814650122728013,
          0.8128196914285645,
          0.8138137389634998,
          0.8128077413728348,
          0.8130168028317839,
          0.8147276552760712,
          0.8152158758567265,
          0.8133442665576724,
          0.819779209605346,
          0.8139830403856607
        ],
        [
          1.020271734306613,
          0.8144959474675942,
          5.056667459066273,
          4.43976792395083,
          0.0,
          1.2155526786712296,
          1.614424810273167,
          1.2220262936460264,
          0.812897424168207,
          0.8139329378827862,
          1.0554241386999537,
          1.0563659364554296,
          1.6110748394399608,
          0.8132780318716845,
          0.8186849041820314,
          1.212590507808289,
          0.8134636630720543,
          0.8140252925407795,
          0.8132939750710275,
          1.6258671785755463,
          1.219686115262352
        ],
        [
          0.8145666079918928,
          0.8153960636579946,
          1.0996053544078064,
          0.8162950382191232,
          1.2155526786712296,
          0.0,
          1.2074915071930625,
          0.8142651077003045,
          0.8152689958346208,
          1.6321952333701997,
          0.8143902385886472,
          0.8143880342848477,
          2.0406348150083993,
          0.8137538278332209,
          0.8127031507919242,
          1.0185697801661275,
          1.2218478901633687,
          0.8150947634181462,
          0.8132690098897671,
          1.224152166790374,
          0.8152893586176355
        ],
        [
          0.8038649188647324,
          0.9267290680632664,
          4.8517684615377545,
          2.013637513825505,
          1.614424810273167,
          1.2074915071930625,
          0.0,
          0.8552706200199032,
          0.8022622544942166,
          0.8034194477600618,
          0.8028506603380885,
          0.8039966919181853,
          0.8872150464881451,
          1.2275711947609091,
          2.1815629842362303,
          0.8044021384311643,
          0.8030649312528818,
          1.2091080864460932,
          0.8052463186522241,
          1.9839359978893718,
          0.8041347312440406
        ],
        [
          0.8146446164561272,
          0.8154110691689799,
          0.9621259846642017,
          1.2214568497623906,
          1.2220262936460264,
          0.8142651077003045,
          0.8552706200199032,
          0.0,
          0.8138754558144529,
          0.8151909272065115,
          0.8143569987840424,
          0.8144538405482882,
          1.4782228106136324,
          2.8227531379418016,
          0.8123519858129071,
          0.8129592416098964,
          0.8146999332568182,
          0.8153179968277893,
          0.8131881449216456,
          1.078592658977038,
          0.8139388257840271
        ],
        [
          0.8198807851645502,
          0.815233271033579,
          0.8909899417578575,
          0.8140460102812686,
          0.812897424168207,
          0.8152689958346208,
          0.8022622544942166,
          0.8138754558144529,
          0.0,
          1.2311128529654927,
          0.8139550885010884,
          0.8148294320177334,
          0.8119833252104975,
          0.8132916891634113,
          0.8133658748769855,
          0.8131979404930395,
          0.8144637949520096,
          0.8150416333524059,
          0.8128480135259554,
          0.8125107096970208,
          1.1502853450215769
        ],
        [
          0.8214033139096785,
          1.0803152089867964,
          0.8620510674843205,
          0.8151188814678841,
          0.8139329378827862,
          1.6321952333701997,
          0.8034194477600618,
          0.8151909272065115,
          1.2311128529654927,
          0.0,
          0.815287052475128,
          0.8162288807369557,
          0.8133866067627535,
          0.8143433332054971,
          0.8142802914889313,
          1.2236838080886898,
          0.8157542850956395,
          0.8162084011935027,
          0.8138452963230429,
          0.8136958238946848,
          1.5226071041026321
        ],
        [
          0.8152278817148121,
          0.8155254320876801,
          1.5591551907741708,
          0.8145087441940382,
          1.0554241386999537,
          0.8143902385886472,
          0.8028506603380885,
          0.8143569987840424,
          0.8139550885010884,
          0.815287052475128,
          0.0,
          2.994607871032431,
          0.8126409196668125,
          0.8136097569824552,
          0.8147921034391983,
          2.051336663498911,
          1.223819989243723,
          0.8153167950833289,
          0.9774782864677454,
          1.2224498910788955,
          0.8142515461797266
        ],
        [
          1.2598625656743005,
          1.2253606146749887,
          1.9884202354825071,
          0.814650122728013,
          1.0563659364554296,
          0.8143880342848477,
          0.8039966919181853,
          0.8144538405482882,
          0.8148294320177334,
          0.8162288807369557,
          2.994607871032431,
          0.0,
          0.8128972578270296,
          0.813774589557148,
          1.2674107795342335,
          0.8399949571922392,
          0.8149185246127334,
          0.8153835349891086,
          0.8370610066321622,
          0.8133501919185657,
          0.8407996066001258
        ],
        [
          0.8132053836994887,
          0.8138190878113165,
          2.8157055254878394,
          0.8128196914285645,
          1.6110748394399608,
          2.0406348150083993,
          0.8872150464881451,
          1.4782228106136324,
          0.8119833252104975,
          0.8133866067627535,
          0.8126409196668125,
          0.8128972578270296,
          0.0,
          1.5988656371080814,
          0.8116463173468785,
          0.983101217993519,
          0.8127540379569522,
          1.2223629953640347,
          0.8119884885141987,
          0.8204877639941136,
          1.0281067137825697
        ],
        [
          0.8139528049892368,
          0.8145767026235284,
          1.617364178016663,
          0.8138137389634998,
          0.8132780318716845,
          0.8137538278332209,
          1.2275711947609091,
          2.8227531379418016,
          0.8132916891634113,
          0.8143433332054971,
          0.8136097569824552,
          0.813774589557148,
          1.5988656371080814,
          0.0,
          0.814748384842323,
          1.219500043714086,
          0.8139572824233533,
          0.8145645503378682,
          0.8406554919359802,
          1.6615481343513927,
          0.8135113088378914
        ],
        [
          0.8681657422604058,
          0.8134920111727845,
          3.713901658749894,
          0.8128077413728348,
          0.8186849041820314,
          0.8127031507919242,
          2.1815629842362303,
          0.8123519858129071,
          0.8133658748769855,
          0.8142802914889313,
          0.8147921034391983,
          1.2674107795342335,
          0.8116463173468785,
          0.814748384842323,
          0.0,
          1.4729760028560586,
          0.8125063892732475,
          0.813142456052219,
          1.2342831473161384,
          0.8171863896569813,
          0.8633801534544338
        ],
        [
          0.8445862423117501,
          1.2251450626077827,
          3.4031443101907697,
          0.8130168028317839,
          1.212590507808289,
          1.0185697801661275,
          0.8044021384311643,
          0.8129592416098964,
          0.8131979404930395,
          1.2236838080886898,
          2.051336663498911,
          0.8399949571922392,
          0.983101217993519,
          1.219500043714086,
          1.4729760028560586,
          0.0,
          0.8132321359304647,
          0.8138816843690617,
          0.8148752462235876,
          0.8120574072923501,
          0.8415667182588448
        ],
        [
          0.8151299218125461,
          0.8158501697495801,
          0.8107948918252424,
          0.8147276552760712,
          0.8134636630720543,
          1.2218478901633687,
          0.8030649312528818,
          0.8146999332568182,
          0.8144637949520096,
          0.8157542850956395,
          1.223819989243723,
          0.8149185246127334,
          0.8127540379569522,
          0.8139572824233533,
          0.8125063892732475,
          0.8132321359304647,
          0.0,
          0.815762742569129,
          0.813469523165564,
          0.8132658450091889,
          0.8143087692227958
        ],
        [
          0.8156377423457918,
          0.8163003298605369,
          0.8103511662334093,
          0.8152158758567265,
          0.8140252925407795,
          0.8150947634181462,
          1.2091080864460932,
          0.8153179968277893,
          0.8150416333524059,
          0.8162084011935027,
          0.8153167950833289,
          0.8153835349891086,
          1.2223629953640347,
          0.8145645503378682,
          0.813142456052219,
          0.8138816843690617,
          0.815762742569129,
          0.0,
          0.8140265557046361,
          0.8139684902340372,
          0.8148947207626642
        ],
        [
          1.2211474721849673,
          0.8141453522770895,
          3.6700077887525717,
          0.8133442665576724,
          0.8132939750710275,
          0.8132690098897671,
          0.8052463186522241,
          0.8131881449216456,
          0.8128480135259554,
          0.8138452963230429,
          0.9774782864677454,
          0.8370610066321622,
          0.8119884885141987,
          0.8406554919359802,
          1.2342831473161384,
          0.8148752462235876,
          0.813469523165564,
          0.8140265557046361,
          0.0,
          0.8166182794243608,
          0.8136594298977571
        ],
        [
          0.813380046836413,
          0.8141856196563017,
          1.7096805195668072,
          0.819779209605346,
          1.6258671785755463,
          1.224152166790374,
          1.9839359978893718,
          1.078592658977038,
          0.8125107096970208,
          0.8136958238946848,
          1.2224498910788955,
          0.8133501919185657,
          0.8204877639941136,
          1.6615481343513927,
          0.8171863896569813,
          0.8120574072923501,
          0.8132658450091889,
          0.8139684902340372,
          0.8166182794243608,
          0.0,
          0.8127893951949053
        ],
        [
          1.0489337043674016,
          1.1102815247435058,
          1.761849125742073,
          0.8139830403856607,
          1.219686115262352,
          0.8152893586176355,
          0.8041347312440406,
          0.8139388257840271,
          1.1502853450215769,
          1.5226071041026321,
          0.8142515461797266,
          0.8407996066001258,
          1.0281067137825697,
          0.8135113088378914,
          0.8633801534544338,
          0.8415667182588448,
          0.8143087692227958,
          0.8148947207626642,
          0.8136594298977571,
          0.8127893951949053,
          0.0
        ]
      ]
    },
    "host_type": {
      "alphabet": [
        "",
        "Human",
        "Mosquito",
        "?"
      ],
      "equilibrium_probabilities": [
        0.14327880940700585,
        0.6986611848514301,
        0.15806000574156406
      ],
      "rate": 2.442986522692,
      "transition_matrix": [
        [
          0.0,
          2.8347611865696867,
          1.327718403742273
        ],
        [
          2.8347611865696867,
          0.0,
          1.6857909729585339
        ],
        [
          1.327718403742273,
          1.6857909729585339,
          0.0
        ]
      ]
    },
    "location": {
      "alphabet": [
        "",
        "Acari",
        "Agricolandia",
        "Agua_Preta",
        "Alagoa_Grande",
        "Alagoas",
        "Alagoinha",
        "Almadina",
        "Alvorada_do_Gurgueia",
        "Amambai",
        "Anapolis",
        "Aparecida_de_Goiania",
        "Apucarana",
        "Aracaju",
        "Aracuai",
        "Araguaina",
        "Bacabal",
        "Barreiras",
        "Barreiros",
        "Barretos",
        "Belem",
        "Belo_Horizonte",
        "Bertioga",
        "Betim",
        "Boa_Vista",
        "Bom_Jesus_de_Goias",
        "Bonfim",
        "Boqueirao_do_Piaui",
        "Brumadinho",
        "Caapora",
        "Cafarnaum",
        "Cajamar",
        "Camacan",
        "Camacari",
        "Campo_Alegre_De_Lourdes",
        "Campo_Formoso",
        "Campo_Grande",
        "Campos_Belos",
        "Capim",
        "Caruaru",
        "Cascavel",
        "Caxias",
        "Central",
        "Coaraci",
        "Colinas_do_Tocantins",
        "Condado",
        "Conde",
        "Condeuba",
        "Conselheiro_Penha",
        "Contagem",
        "Cordeiros",
        "Coronel_Fabriciano",
        "Coronel_Sapucaia",
        "Cubatao",
        "Cuiaba",
        "Curitiba",
        "Datas",
        "Demerval_Lobao",
        "Dias_DAvila",
        "Divinopolis",
        "Duque_de_Caxias",
        "Eldorado_do_Sul",
        "Esmeraldas",
        "Eunapolis",
        "Feira_Nova",
        "Feira_de_Santana",
        "Fernando_de_Noronha",
        "Foz_do_Iguacu",
        "Francisco_Sa",
        "Frutal",
        "Goiania",
        "Gongogi",
        "Governador_Valadares",
        "Guaratinga",
        "Guaruja",
        "Guarulhos",
        "Ibirataia",
        "Ielmo_Marinho",
        "Ilheus",
        "Indiaroba",
        "Ipatinga",
        "Ipecaeta",
        "Ipojuca",
        "Iracema",
        "Irati",
        "Irece",
        "Itabuna",
        "Itaguacu_da_Bahia",
        "Itajuipe",
        "Itamaraju",
        "Itanhaem",
        "Itapetinga",
        "Itapitanga",
        "Itinga",
        "Itu",
        "Itubera",
        "Ituiutaba",
        "Jaboatao_dos_Guararapes",
        "Jacobina",
        "Jandaira",
        "Jequie",
        "Joao_Camara",
        "Joao_Dourado",
        "Joao_Pessoa",
        "Juazeiro",
        "Jundia",
        "Jussara",
        "Lagarto",
        "Lucena",
        "Luziania",
        "Macaiba",
        "Macau",
        "Madre_de_Deus",
        "Manaus",
        "Maracaju",
        "Maranhao",
        "Marilia",
        "Mato_Grosso",
        "Mesquita",
        "Monte_Alegre",
        "Monte_Alegre_de_Sergipe",
        "Monte_Azul",
        "Montes_Claros",
        "Morro_Agudo",
        "Morro_do_Chapeu",
        "Mundo_novo",
        "Mutum",
        "Natal",
        "Neopolis",
        "Niteroi",
        "Nova_Cruz",
        "Nova_cruz",
        "Novo_Cruzeiro",
        "Novo_Hamburgo",
        "Novo_Triunfo",
        "Palmas",
        "Paraiso_do_Tocantins",
        "Paranagua",
        "Paranhos",
        "Paraopeba",
        "Parelhas",
        "Paripiranga",
        "Parnaiba",
        "Parnamirim",
        "Pato_Branco",
        "Paulista",
        "Perolandia",
        "Peruibe",
        "Poco_Branco",
        "Pojuca",
        "Ponta_Pora",
        "Pontal",
        "Porto_Nacional",
        "Porto_Seguro",
        "Porto_da_Folha",
        "Presidente_Dutra",
        "Presidente_Kennedy",
        "Recife",
        "Remigio",
        "Resplendor",
        "Ribeirao_Preto",
        "Ribeirao_das_Neves",
        "Sabara",
        "Salinas",
        "Salvador",
        "Santa_Cruz",
        "Santa_Juliana",
        "Santa_Maria",
        "Santa_ines",
        "Santa_rita",
        "Santo_Antonio",
        "Santos",
        "Sao_Cristovao",
        "Sao_Goncalo",
        "Sao_Joao_de_Meriti",
        "Sao_Luis",
        "Sao_Paulo",
        "Sao_Vicente",
        "Sapeacu",
        "Sarzedo",
        "Senador_Canedo",
        "Serra",
        "Serrinha",
        "Sertaozinho",
        "Sete_Lagoas",
        "Simao_Dias",
        "Simonesia",
        "Sinop",
        "Sitio_Novo",
        "Soure",
        "Sume",
        "Teixeira_De_Freitas",
        "Teresina",
        "Tibau_do_Sul",
        "Timon",
        "Timoteo",
        "Toledo",
        "Trindade",
        "Uaua",
        "Umbauba",
        "Uniao",
        "Valparaiso_de_Goias",
        "Varzea_Grande",
        "Vicencia",
        "Vitoria_Da_Conquista",
        "Wanderlandia",
        "?"
      ],
      "equilibrium_probabilities": [
        0.004097951269669,
        0.00495420928192506,
        0.004883547988223475,
        0.004987268192893963,
        0.004988398137100441,
        0.004859290223882029,
        0.00497850915100296,
        0.004965170341856266,
        0.004883547615062127,
        0.00497735415225902,
        0.004962287005004103,
        0.0048291488434623,
        0.004816122918206049,
        0.004617387467299757,
        0.004978774098433991,
        0.005002809719427034,
        0.0048837528623097695,
        0.00478621004756697,
        0.004768818849302694,
        0.004669894657921824,
        0.0049598334606250965,
        0.0022205623285785443,
        0.004969934352882391,
        0.0038770546289115704,
        0.004890704672078248,
        0.004945587682716589,
        0.0049814620032369115,
        0.004883547615041955,
        0.0047444469026808505,
        0.004993091577515253,
        0.004883448734181392,
        0.004959833460805744,
        0.004969012276636194,
        0.004883843752988642,
        0.004938645504883888,
        0.004952669075576379,
        0.0049845901178144515,
        0.004979785770082652,
        0.004923861123429749,
        0.0049862021007197836,
        0.0049678255263188,
        0.004743644268644965,
        0.00496106718238974,
        0.00496059692743257,
        0.00498490818578303,
        0.004988095782477875,
        0.004960807874583885,
        0.004987483478175034,
        0.004924853646700513,
        0.004546045190436736,
        0.004979750342955317,
        0.004964213508734565,
        0.004930019622379241,
        0.004969168607870551,
        0.004765705339365411,
        0.004956579861231035,
        0.004744300823164481,
        0.00488343291840229,
        0.0049861037835091295,
        0.004977574931007568,
        0.004440355412481591,
        0.004883425705611878,
        0.00372975784242838,
        0.00481405393699929,
        0.004971980931077848,
        0.003982138930716569,
        0.0048968328135292885,
        0.004556897933285321,
        0.004978774098433998,
        0.004534297337595977,
        0.0049709998858969906,
        0.0048165486632230714,
        0.004661571163523787,
        0.004974584153289632,
        0.004843082925267504,
        0.004989630480195661,
        0.004991551912158786,
        0.004989075276324678,
        0.004865813864738286,
        0.004904159750112759,
        0.0049468533793432185,
        0.00493001886283597,
        0.004923404463126584,
        0.0049814623661908015,
        0.004973155053290372,
        0.004920049638532982,
        0.00437820942079996,
        0.004993023641249828,
        0.0047474477214141525,
        0.004765924394318464,
        0.004969131590937294,
        0.004949959619216925,
        0.004968059996347795,
        0.004744795282360481,
        0.004985413141798424,
        0.00494362671784779,
        0.004966427871847474,
        0.004971845834720846,
        0.004947861263656651,
        0.004999414837820072,
        0.004965957421155042,
        0.0050224275460476475,
        0.0049877897904440725,
        0.004601453363789769,
        0.004619096719960733,
        0.004987992301504424,
        0.004912095503259666,
        0.0049633053890574775,
        0.004973052122061313,
        0.004506695838654849,
        0.004979234159887763,
        0.00488342117211922,
        0.004993329045814973,
        0.004428162113875202,
        0.004977268084362697,
        0.004807458638607683,
        0.004992054273904287,
        0.004944706320378778,
        0.004807417596426608,
        0.0049948689654754986,
        0.004934920762195671,
        0.004913545041893796,
        0.003828381203459496,
        0.004975580962504447,
        0.004952669075576368,
        0.004977354143037699,
        0.004924940626547203,
        0.004783364333174031,
        0.004952298128710097,
        0.00454589594177377,
        0.0050124758388567555,
        0.0049569563207419376,
        0.004953411679084537,
        0.0048344307564080246,
        0.004988529407480626,
        0.004179189775618945,
        0.0049484734477812705,
        0.004977635040813297,
        0.004977340930545648,
        0.004988789159602745,
        0.004986056444711795,
        0.004966334259908092,
        0.0048835479882231945,
        0.005031668848587822,
        0.004886331664414121,
        0.004980866618510217,
        0.0049595577201064795,
        0.004968441094254915,
        0.004993499789073056,
        0.004819056980297189,
        0.004663885009633706,
        0.004908101329797301,
        0.004790225222478127,
        0.004727462435417716,
        0.004799052194768482,
        0.004985213055798854,
        0.004993076802664095,
        0.004642431616135172,
        0.00498851364860225,
        0.004957959000394328,
        0.00496424038792731,
        0.0045802111955838025,
        0.004836346472407703,
        0.004879514554009641,
        0.004860029115272884,
        0.004904596676326162,
        0.004959833518128647,
        0.004979012322363118,
        0.0049598921611912145,
        0.004973197816836595,
        0.004993135287657389,
        0.004911602976860435,
        0.00490094878352564,
        0.004952470569077846,
        0.004679392392809373,
        0.004995642450527091,
        0.004756322570772036,
        0.0049008613795333,
        0.004895653789751142,
        0.004991805528422179,
        0.004982003720660213,
        0.004965380884781451,
        0.004832440309169085,
        0.0049154529786917004,
        0.0050128199866343185,
        0.004943515715043799,
        0.004744299730734688,
        0.004957333974109155,
        0.004990638850965497,
        0.00497184583472084,
        0.004982539899729451,
        0.004970844131542703,
        0.004346212529771916,
        0.00501343443151299,
        0.00480645458858236,
        0.004923657187116342,
        0.004987246120012267,
        0.004913352508078944,
        0.004976557282560825,
        0.004943840795489476,
        0.004883753231073465,
        0.004965770940758115,
        0.004956746560666495,
        0.004979925365581139,
        0.004926344185770363,
        0.004545261760582767
      ],
      "rate": 191.3781901219103,
      "transition_matrix": [
        [
          0.0,
          1.091396563685162,
          0.9968294125626382,
          0.9970119728201282,
          0.9970330238452205,
          1.476710450943917,
          0.9969978270309124,
          0.9969603801071882,
          0.9968294146854627,
          0.9968326844373926,
          0.9972284839157292,
          1.393099174452143,
          1.4621033211740069,
          1.9906427780983276,
          0.9982315409724432,
          1.0262700550080697,
          0.9968287070829017,
          0.9977476399136407,
          1.4920702718737737,
          1.5227501578033478,
          0.9968202218085686,
          2.0153016706454503,
          0.9968229930069297,
          0.9964988982531295,
          1.2514483191937518,
          0.9970531766192978,
          0.9968352404719972,
          0.9968294146867557,
          0.9967553171503725,
          0.9971765766172678,
          0.9968322108075628,
          0.9968202218080895,
          0.9969324419191155,
          0.9968304558094658,
          0.997047258810634,
          0.9970415261978025,
          0.9968331129124361,
          0.9978623036167384,
          1.1703047676570222,
          0.9980774973521457,
          0.99684736043185,
          0.9968153668377183,
          0.9969708473990534,
          0.9978760233316162,
          0.9968636267266575,
          0.9970391114312399,
          1.0982464566429055,
          0.9987980304974071,
          0.9968325101800657,
          1.5245314684432767,
          0.9988058834156979,
          1.070270619695616,
          1.0111184984418822,
          0.9968224446448358,
          1.852891973952806,
          1.100329624998968,
          0.9967548469956174,
          0.9968306867773029,
          0.9970456990540764,
          0.9968252369035606,
          2.723503346359232,
          0.9968310190650749,
          0.9964427104064564,
          1.4467377922954618,
          0.9981634405148513,
          4.673799498891989,
          1.3062705606398888,
          1.2632696775270589,
          0.9982315409724428,
          0.9970167600242572,
          0.9976224301422284,
          0.9969529003838059,
          1.995702355946981,
          1.0084196890957726,
          0.9970173164473669,
          0.9971913700176619,
          0.9971147632769907,
          0.9968325549731073,
          1.2420876296173615,
          0.9986303493462929,
          1.070260285134969,
          1.1543463611133116,
          1.1892380419219157,
          0.9968344673135446,
          0.9971281454937585,
          0.9969369365307159,
          1.5024050734732277,
          0.9970059422334909,
          1.009052929260116,
          1.7002632189053437,
          0.9968225638029576,
          1.110797729639552,
          0.9986229901304494,
          0.9967547057516843,
          0.9971003237512255,
          1.0382107000846947,
          0.9969066862123428,
          1.0618088261886776,
          0.9972779083862319,
          0.9970596819987578,
          0.9969825260574919,
          0.9970119047437263,
          0.9968253955129789,
          2.259265416546921,
          1.8845567072904263,
          0.9999859985618484,
          1.1298262609890906,
          0.9968996116981531,
          0.9969053494611365,
          1.5833221506492026,
          0.9970121660565568,
          0.9968305960035134,
          0.9976588394919096,
          2.863952697226638,
          0.9968742615662193,
          1.4948264579457884,
          0.9969943599945467,
          0.9968700283693741,
          1.4949732510808633,
          1.000076226222199,
          0.9969015519768042,
          1.1554122054565321,
          0.9972060579321059,
          0.9969416753402669,
          0.9970415261978027,
          0.9968326844152403,
          0.9968510367263558,
          1.8434475273901116,
          0.9968113821741106,
          1.6844411470026888,
          0.9970485335028229,
          0.9986863740093768,
          0.9968254315569592,
          0.9968027425336478,
          0.9968744101208658,
          3.760535465059068,
          1.0869773896470305,
          0.9969239972434986,
          0.9968476383457098,
          0.9969139457212837,
          1.0274493653188144,
          0.9968854437448459,
          0.9968294125626616,
          0.9969788969860365,
          0.9970543567790288,
          1.0014775483972918,
          0.9998673204787988,
          0.9968220357741585,
          0.9969674537380181,
          1.3820179398659223,
          2.031115294350577,
          1.0087320498809678,
          1.5404681016770476,
          1.1106291559302486,
          1.499800360478701,
          0.9968287647830985,
          0.9969819454162663,
          1.9970079445997793,
          0.9969227809811857,
          0.9968231314024535,
          0.9970631759651366,
          0.9967596851547632,
          0.9968123580802108,
          1.2447097212428613,
          1.3558353049864134,
          1.2179032004527754,
          0.9968202218543567,
          1.0133789452782271,
          0.9968201086179893,
          0.9969066886996769,
          0.9968807320037888,
          0.9970846193266737,
          1.233839030576398,
          0.9968514370258195,
          1.8686399012171087,
          0.999292804439423,
          1.622626133693352,
          0.9968936158398075,
          1.225707408361714,
          0.9969049039619885,
          0.9968359302604446,
          0.9968280509228749,
          1.3646917506809197,
          1.1508085015767902,
          0.996914018060141,
          1.0029924013037321,
          0.9967548478090817,
          0.9968489241822888,
          0.9968375435063486,
          1.0618088261886807,
          0.9968386697945932,
          1.0084362189838105,
          3.0545650817661754,
          0.9970805191827153,
          1.496316511514321,
          0.9970378866253912,
          0.9969080423511542,
          0.99724546921481,
          0.9969743332541473,
          0.9968238814741995,
          0.9968287059848312,
          0.9969042189300417,
          0.9982808477033377,
          0.9970722443000537,
          1.0318561304872826,
          2.337608122857913
        ],
        [
          1.091396563685162,
          0.0,
          0.9954093311806778,
          0.9954849701788988,
          0.9955755460223246,
          0.9956063970443769,
          0.9955362823735072,
          0.9954794431903449,
          0.9954093314489662,
          0.9954156123866658,
          0.9956289436911132,
          0.9954536789640501,
          0.9956603845257719,
          0.9956718098761469,
          0.9954859126185491,
          0.9954966682245707,
          0.9954092021172237,
          0.9959464583578543,
          0.9958124158813406,
          0.9957176358117332,
          0.9954143661669972,
          0.99539471813976,
          0.9954151346040422,
          0.9953344814957858,
          0.9954249465543297,
          0.9954613255090201,
          0.9954156903902817,
          0.9954093314491161,
          0.9954000771466885,
          0.9956183250013098,
          0.9954097429600766,
          0.9954143661664031,
          0.9954154447111805,
          0.9954092657211455,
          0.9954905843590188,
          0.9955277795567988,
          0.9954114904619551,
          0.9955829097453222,
          0.9957178249361556,
          0.9954166032549049,
          0.9954147823533419,
          0.9953964420000945,
          0.9954833681976136,
          0.9954378848824068,
          0.995415308306396,
          0.9955797850728614,
          0.9957633147810462,
          0.9954979663989358,
          0.9954037567163098,
          0.994957756530648,
          0.9955071692131873,
          0.9955566670762056,
          0.9955763485893849,
          0.9954148843569235,
          0.9953912476656334,
          0.9956784947320155,
          0.9953997514283824,
          0.9954097792155758,
          0.9954466535479367,
          0.9954149123565028,
          0.9953770696618143,
          0.9954099033705782,
          0.9953107778829609,
          0.9955870558416541,
          0.9955065059961749,
          0.9955051853955718,
          0.9958210048121046,
          0.9957110998636187,
          0.9954859126185489,
          0.9956646142907396,
          0.9955606015851995,
          0.9954591501026195,
          0.9953274462369859,
          0.9955800444801028,
          0.9955142758041756,
          0.9956581872344032,
          0.9954168425087137,
          0.9954407859362318,
          0.9957298939528638,
          0.9954545989605301,
          0.9955557904115232,
          0.9954737470101706,
          0.9957077655363268,
          0.9954156897110037,
          0.9956483089845376,
          0.9954604045326182,
          0.9962990030840984,
          0.9956093305855174,
          0.9958118148151506,
          0.9957949127067243,
          0.995415033413674,
          0.9955749473561527,
          0.9955074625647193,
          0.9953996237169748,
          0.9956262130266774,
          0.9956069456862529,
          0.9954139563107478,
          0.995581482970126,
          0.995695680631641,
          0.9956402731705687,
          0.9954697564310062,
          0.9956002585896141,
          0.9954117471572128,
          1.3220550429139584,
          0.9954896840364942,
          1.0641494905959261,
          0.9956776075520719,
          0.9954580324083194,
          0.9954644023959994,
          0.996162489676525,
          1.1374375209783534,
          0.9954097382480038,
          0.9955025598979599,
          0.9957924858312319,
          0.995418067165981,
          0.9954369911090669,
          0.9955498400525099,
          0.9954122506345127,
          0.9954369818700604,
          1.0686473467592987,
          0.995471402144132,
          0.9956154682151837,
          0.9957677141637207,
          0.9954732319321943,
          0.9955277795567988,
          0.9954156122423242,
          0.9954036666827651,
          1.360572678636602,
          0.995389923036381,
          0.9953636564082129,
          0.9956394269468086,
          0.9954926143793693,
          0.9954139653079126,
          0.9954141889792951,
          0.9954685664528735,
          0.9955661183907176,
          0.9954197744321861,
          0.9954843812222544,
          0.995416965209187,
          0.9955155553663783,
          2.3145107440055592,
          0.9954584671872287,
          0.995409331180678,
          0.9956430223274954,
          0.9955018611899156,
          0.9954191836828733,
          0.9954107571149283,
          0.9954143886401463,
          0.9955679762987673,
          1.0324296445676056,
          0.9956664465393801,
          0.9955894454442437,
          0.9954578537000331,
          0.9955583171909762,
          0.9956415888359299,
          0.9954167028686839,
          0.9954595924220135,
          0.9954288601765242,
          1.03589440216073,
          0.9954141111481114,
          0.9956114087606905,
          0.9954303246024409,
          0.9954151930707346,
          0.995461003888716,
          0.9955267151425161,
          1.0769127459082346,
          0.9954143662049084,
          1.2280682819335196,
          0.9954142213807124,
          0.9954649650472328,
          0.9955003248059905,
          0.9954459062461865,
          0.995711813748681,
          0.9954140872459812,
          0.9954871951837544,
          0.995369277169054,
          0.9962807217069111,
          0.995422756241896,
          0.9956800284327727,
          0.9955030257814802,
          0.9954157269847616,
          0.9954152123545128,
          0.9955249236059974,
          0.995558814953312,
          0.9955034238012205,
          0.9954156010678819,
          0.9953997519717968,
          0.9954142179555594,
          0.9955578518127236,
          0.995581482970126,
          0.9954153677634081,
          0.9955846472630809,
          0.9958427920743161,
          0.9991061799632368,
          0.9954383031108144,
          0.9954058498493198,
          0.995415679335379,
          0.9954894696337927,
          0.9955126834133848,
          0.9954133905862994,
          0.9954092020452066,
          0.9954147803473123,
          0.9954148536072163,
          0.9956039432072251,
          0.9957227355682813,
          0.9956356745030583
        ],
        [
          0.9968294125626382,
          0.9954093311806778,
          0.0,
          0.9951412964987327,
          0.9951880454288209,
          0.9952054889143211,
          0.9951423713947841,
          0.9951372663691392,
          0.9950738746157466,
          0.9950735902035468,
          0.9952262270020648,
          0.9950994381733398,
          0.9951945474387534,
          0.9950709094869726,
          0.9951426105512235,
          0.9951498089058802,
          0.9950735844495002,
          0.9955870988929687,
          0.9953906502128814,
          0.9954107265442049,
          0.995073542409259,
          0.9952262090636301,
          0.9950735474821341,
          0.9950669950340291,
          0.9950390404377755,
          0.9951204785236878,
          0.995073405455297,
          0.9950738746160458,
          0.9950738586665474,
          0.9952191837280883,
          0.9950745161978233,
          0.9950735424086687,
          0.9950739393861474,
          0.9950740750198199,
          0.9951751998266403,
          0.995225292678292,
          0.9950690648914965,
          0.9952059701548136,
          0.9953341254019649,
          0.9950739175642921,
          0.9950734370749752,
          0.9950695386682425,
          0.99514142726795,
          0.9950997050855703,
          0.9950725068599239,
          0.9951908235014356,
          0.9953415850591897,
          0.9951538803376779,
          0.99506518920962,
          0.9946384370630428,
          0.9951634334873166,
          0.9952040843465537,
          0.9952673743875746,
          0.9950734402372631,
          0.9950076206569635,
          0.9953155644232915,
          0.9950735414498125,
          0.9950745940290997,
          0.995073796404656,
          0.9950734258219059,
